10 0 0 0
210 0 0.01 0
410 0.01 0 0
610 0.04 0.02 0.01
810 0.16 0.16 0
1010 0.1 0.11 0
1210 0.17 0.18 0.01
1410 0.2 0.19 0.01
1610 0.35 0.37 0.02
1810 0.29 0.29 0.02
2010 0.45 0.38 0.02
2210 0.6 0.56 0.02
2410 0.67 0.66 0.03
2610 0.99 0.9 0.05
2810 0.33 0.36 0.02
3010 0.93 0.93 0.05
3210 0.85 0.85 0.04
3410 0.33 0.35 0.02
3610 1.44 1.4 0.06
3810 1.02 1.03 0.06
4010 2.18 1.93 0.09
4210 0.07 0.09 0
4410 1.97 1.72 0.08
4610 2.26 2.22 0.12
4810 2.3 2.31 0.11
5010 1.25 1.26 0.05
5210 1.43 1.24 0.06
5410 3.36 3.13 0.15
5610 1.12 1.06 0.06
5810 5.27 4.5 0.24
6010 2.83 2.72 0.14
6210 5.01 4.51 0.23
6410 0.82 0.82 0.04
6610 1.94 1.8 0.08
6810 0.44 0.47 0.03
7010 1.19 1.26 0.06
7210 4.97 4.71 0.24
7410 5.17 4.82 0.27
7610 1.85 1.36 0.08
7810 4.22 3.96 0.2
8010 3.99 3.96 0.18
8210 1.63 1.58 0.08
8410 5.56 5.28 0.29
8610 6.05 5.69 0.28
8810 6.76 6.2 0.35
9010 7.8 6.82 0.39
9210 5.16 4.79 0.23
9410 3.92 3.76 0.18
9610 7.36 6.76 0.41
9810 0.47 0.47 0.03
10010 4.96 4.9 0.22
10210 9.37 8.67 0.5
10410 9.04 8.12 0.4
10610 8.89 7.88 0.38
10810 6.95 6.58 0.28
